#test code
a <- c(1, 2, 3)
b <- c(50:60)
b
a
